15 = number of objects
11 1 0 J2000 A = Mercury
2451545  0.38710 0.20563 7.005 48.331 29.125 174.795
12 1 0 J2000 A = Venus
2451545  0.72333 0.00677 3.395 76.680 54.884 50.416
13 1 0 J2000 A = Earth
2451545  1.00000 0.01671 0.000 174.873 288.064 357.529
14 1 0 J2000 A = Mars
2451545  1.52368 0.09340 1.850 49.558 286.502 19.373
15 1 0 J2000 A = Jupiter
2451545  5.20260 0.04849 1.303 100.464 273.867 20.020
16 1 0 J2000 A = Saturn
2451545  9.55491 0.05551 2.489 113.666 339.391 317.021
17 1 0 J2000 A = Uranus
2451545 19.21845 0.04630 0.773 74.006 98.999 141.050
18 1 0 J2000 A = Neptune
2451545 30.11039 0.00899 1.770 131.784 276.340 256.225
19 30 0 J2000 A = Pluto
625673.500000000 39.2814459756273 0.246254062084901 17.1404286387936 110.708472184097 113.871757806267 285.466275618202
700673.500000000 39.2739972274213 0.246157933865716 17.1405730584888 110.69546224012 113.857054696916 226.005310364743
775673.500000000 39.2849757157149 0.246296657669566 17.1391911976194 110.68126221211 113.877378357094 166.475263063301
850673.500000000 39.2871194255341 0.246295304987198 17.140239436948 110.662468234248 113.826198887086 106.934993787217
925673.500000000 39.2998960194354 0.246576938363417 17.1395414308546 110.645289164164 113.829805358158 47.3347373527122
1000673.500000000 39.3036120499515 0.246538385907688 17.1396572066423 110.623297326886 113.822646451922 347.598195757453
1075673.500000000 39.3113610599176 0.246771201110623 17.1403948820801 110.6110436698 113.80055502359 287.7639758974
1150673.500000000 39.3249116513019 0.247037938532454 17.141810619281 110.581606657553 113.878989616936 227.739787951833
1225673.500000000 39.3340300065655 0.247014637815829 17.1421323378596 110.564226280101 113.879530765685 167.636589040613
1300673.500000000 39.3443765270214 0.247070836986536 17.1422473789997 110.547837799581 113.922914930004 107.449349613154
1375673.500000000 39.3524186283368 0.24711333993165 17.1442828325918 110.52879443823 113.857290340194 47.2345823982807
1450673.500000000 39.3605894184022 0.247307106987477 17.1427659469701 110.5171635029 113.854168975422 346.884398858285
1525673.500000000 39.3706021221188 0.247325935776181 17.1442248016632 110.500038802724 113.849178162093 286.434688995815
1600673.500000000 39.378916934077 0.247505240169419 17.1430354081274 110.485626325976 113.836480162748 225.810766484877
1675673.500000000 39.3918590150617 0.247678834205809 17.1415806103044 110.471596540232 113.875826867471 165.064623491594
1750673.500000000 39.4065109854887 0.247882518750036 17.1421069475287 110.452741970121 113.835944585437 104.249088252819
1825673.500000000 39.416287898124 0.248084822960316 17.1420384489278 110.439222971678 113.86654659705 43.267214806761
1900673.500000000 39.4229467781776 0.248061670561246 17.1419781739241 110.422495022881 113.825155514119 342.223975497737
1975673.500000000 39.4295728685698 0.248251669599755 17.142247387051 110.411078159078 113.831659252706 281.012778627741
2050673.500000000 39.4374451286004 0.248386105327131 17.1421137615352 110.39101309555 113.879596737323 219.695195520567
2125673.500000000 39.4475974780958 0.248408171503718 17.1413885120245 110.377070559429 113.829869467908 158.341982564242
2200673.500000000 39.4581570542878 0.248548908810901 17.1405330724753 110.363953562422 113.85121516207 96.8753128720489
2275673.500000000 39.4653590000259 0.248617760225236 17.1415505003069 110.343444275706 113.790586142357 35.3685688924695
2350673.500000000 39.4721266453981 0.248820549348772 17.1399121677948 110.331495559969 113.779878596338 333.747024003249
2425673.500000000 39.4832235258819 0.248905639751446 17.1415947515256 110.312689132551 113.780596205906 271.995904406851
2500673.500000000 39.4876980268092 0.249059489482601 17.1406199267639 110.295384778993 113.76759193401 210.128458066077
2575673.500000000 39.504521520765 0.249322755431894 17.1392095205551 110.277169844639 113.81334657348 148.128181142674
2650673.500000000 39.5125066381179 0.249441719562135 17.1410556987676 110.251486078493 113.807107126597 86.0480449942319
2725673.500000000 39.5223470809654 0.249646324094279 17.1417814896422 110.230147482003 113.834364782851 23.884298980626
2800673.500000000 39.5307095690611 0.249660975237083 17.1422425160145 110.21541502173 113.830036900765 321.574339480416
21 1 0 J1950 A = Voyager 1 post-Saturn JPL fit 1981 - 2020
2448257.5 3.213908672 3.729170799 35.74851227 178.2933807 338.2998047 689.3674316
22 1 0 J1950 A = Voyager 2 post-Neptune JPL fit 1990 - 2020
2448257.5 4.019809723 6.284647465 78.77176666 100.9291992 130.0686188 342.7648315
23 1 0 J1950 A = Voyager 1 post-Saturn JPL elements
2448257.5 3.214792 3.724716 35.762854 178.197845 338.328645 688.967795
24 1 0 J1950 A = Voyager 2 post-Neptune JPL elements
2448257.5 4.018266 6.284578 78.810177 100.934989 130.043962 342.970736
25 1 2.6 J2000 Q = C/2006 P1 McNaught
2454200.5 0.170742 1.000019 77.8349 267.4144 155.9771 2454113.2961
99 1 0 J2000 Q = Nibiru
2454200.5 2.0 0.9914855 0.0 0.0 0.0 2456282.0
